kleftshoulderpitch, kleftshoulderroll, kleftelbowpitch, kleftelbowyaw, krightshoulderpitch, krightshoulderroll, krightelbowpitch, krightelbowyaw
(-0.7731, -1.5091, 0.4984, -1.7519, -0.7349, 1.3306, 0.4927, 1.9625),
(-1.1465, -1.5122, 0.5854, -1.2175, -0.5201, 1.1223, 0.4931, 2.1151),
(-1.4876, -1.5236, 0.8368, -0.7280, -0.3958, 0.8774, 0.4904, 2.1380),
(-1.6276, -1.6495, 0.9943, -0.3000, -0.0956, 0.8213, 0.2161, 2.1380),
(-1.7485, -1.7201, 1.0744, -0.1173, -0.1009, 0.8004, 0.2169, 2.1380),
(-1.5543, -1.5961, 0.9413, -0.6167, -0.2981, 0.8553, 0.2199, 2.1380),
(-0.9371, -1.3520, 0.5709, -1.4689, -0.6365, 1.0827, 0.4419, 2.0048),
(-0.6106, -1.3127, 0.3962, -1.9499, -0.7574, 1.2993, 0.4950, 2.0636),
(-0.7361, -1.4546, 0.4625, -1.9133, 0.0000, 0.0000, 0.0000, 2.0644),
